Modulus of elasticity 96e9
Nodal Displacement Result******
 Node        Ux              Uy             Angle of Bending
    1     -3.947e-014     0.000e+000          0.000e+000
    2     -3.947e-007     -7.668e-007         0.000e+000
    3     -6.578e-007     -3.616e-006         0.000e+000
    4      5.263e-007     -2.060e-006         0.000e+000
    5      4.624e-014     -3.721e-014         0.000e+000
****Nodal Reaction  Result******
 Node        Fx               Fy                   Moment
    1     3.000e+000        0.000e+000            0.000e+000
    2    -1.173e-015        2.849e-016            0.000e+000
    3     8.882e-016       -8.882e-016            0.000e+000
    4    -2.596e-016        0.000e+000            0.000e+000
    5    -3.000e+000        1.000e+000            0.000e+000

****Element Result******
 Elem     AXFORCE         SHEARING      BENDMOMENT       AXSTRESS         MAXBENDSTRESS
    1    -3.000e+000     0.000e+000    0.000e+000    -3.789e+005           0.000e+000
    2    -1.000e+000     0.000e+000    0.000e+000    -1.263e+005           0.000e+000
    3    -1.414e+000     0.000e+000    0.000e+000    -1.786e+005           0.000e+000
    4     1.414e+000     0.000e+000    0.000e+000     1.786e+005           0.000e+000
    5     2.000e+000     0.000e+000    0.000e+000     2.526e+005           0.000e+000
    6     1.414e+000     0.000e+000    0.000e+000     1.786e+005           0.000e+000
-----------------------------------------------------------------------------------------------------
Modulus of elasticity 103e9
****Nodal Displacement Result******
 Node       Ux            Uy          Angle of Bending
    1   -3.679e-014     0.000e+000     0.000e+000
    2   -3.679e-007    -7.147e-007     0.000e+000
    3   -6.131e-007    -3.370e-006     0.000e+000
    4    4.905e-007     -1.920e-006     0.000e+000
    5    4.310e-014     -3.468e-014     0.000e+000
****Nodal Reaction  Result******
 Node        Fx               Fy             Moment
    1    3.000e+000    0.000e+000         0.000e+000
    2   -2.849e-016   -6.033e-016         0.000e+000
    3   -8.882e-016   -8.882e-016         0.000e+000
    4    1.381e-015   -1.776e-015         0.000e+000
    5   -3.000e+000    1.000e+000         0.000e+000
***Element Result******
 Elem       AXFORCE     SHEARING       BENDMOMENT     AXSTRESS      MAXBENDSTRESS
    1    -3.000e+000    0.000e+000    0.000e+000     -3.789e+005     0.000e+000
    2    -1.000e+000    0.000e+000    0.000e+000     -1.263e+005     0.000e+000
    3    -1.414e+000    0.000e+000    0.000e+000     -1.786e+005     0.000e+000
    4    1.414e+000     0.000e+000    0.000e+000      1.786e+005     0.000e+000
    5    2.000e+000     0.000e+000    0.000e+000      2.526e+005     0.000e+000
    6    1.414e+000     0.000e+000    0.000e+000      1.786e+005     0.000e+000

-----------------------------------------------------------------------------------------------------
Modulus of elasticity 110e9
****Nodal Displacement Result******
 Node       Ux            Uy          Angle of Bending
    1   -3.445e-014   0.000e+000   0.000e+000
    2   -3.445e-007   -6.692e-007   0.000e+000
    3   -5.741e-007   -3.156e-006   0.000e+000
    4   4.593e-007   -1.798e-006   0.000e+000
    5   4.036e-014   -3.248e-014   0.000e+000
****Nodal Reaction  Result******
 Node        Fx               Fy             Moment
    1   3.000e+000   0.000e+000   0.000e+000
    2   -2.849e-016   1.173e-015   0.000e+000
    3   0.000e+000   -8.882e-016   0.000e+000
    4   1.324e-015   -1.776e-015   0.000e+000
    5   -3.000e+000   1.000e+000   0.000e+000
****Element Result******
 Elem     AXFORCE     SHEARING  BENDMOMENT   AXSTRESS   MAXBENDSTRESS
    1    -3.000e+000    0.000e+000    0.000e+000    -3.789e+005    0.000e+000
    2    -1.000e+000    0.000e+000    0.000e+000    -1.263e+005    0.000e+000
    3    -1.414e+000    0.000e+000    0.000e+000    -1.786e+005    0.000e+000
    4    1.414e+000    0.000e+000    0.000e+000    1.786e+005    0.000e+000
    5    2.000e+000    0.000e+000    0.000e+000    2.526e+005    0.000e+000
    6    1.414e+000    0.000e+000    0.000e+000    1.786e+005    0.000e+000




